#cog	%_occurence	thereof_%_singlecopy	%_occurence_as_singlecopy
KOG0010	99.4	46.0	45.7
KOG0019	99.6	35.6	35.4
KOG0027	99.8	2.3	2.3
KOG0032	100.0	0.2	0.2
KOG0050	99.2	88.4	87.6
KOG0054	99.8	1.1	1.0
KOG0070	99.4	23.6	23.5
KOG0077	99.6	55.8	55.6
KOG0087	100.0	38.8	38.8
KOG0092	99.2	5.5	5.5
KOG0094	99.6	48.2	48.0
KOG0100	99.2	49.7	49.3
KOG0101	100.0	3.8	3.8
KOG0102	99.2	62.6	62.1
KOG0103	99.4	47.3	47.0
KOG0118	99.8	0.0	0.0
KOG0123	100.0	31.9	31.9
KOG0166	99.6	35.2	35.0
KOG0173	99.2	65.8	65.2
KOG0182	99.4	80.4	79.9
KOG0183	99.2	65.3	64.8
KOG0188	99.6	41.5	41.3
KOG0190	99.6	26.3	26.2
KOG0191	100.0	1.3	1.3
KOG0202	99.8	1.5	1.5
KOG0206	100.0	2.1	2.1
KOG0211	99.8	36.1	36.1
KOG0213	99.2	86.3	85.5
KOG0214	99.4	74.3	73.8
KOG0215	99.2	86.5	85.7
KOG0216	99.2	89.2	88.5
KOG0217	99.4	70.5	70.0
KOG0229	99.6	28.4	28.3
KOG0254	99.2	1.3	1.3
KOG0261	99.2	83.1	82.4
KOG0262	99.4	86.5	86.0
KOG0263	99.6	42.1	41.9
KOG0266	99.8	1.7	1.7
KOG0272	99.4	40.7	40.5
KOG0276	99.4	71.7	71.3
KOG0279	99.4	52.3	52.0
KOG0282	99.6	57.7	57.4
KOG0292	99.6	78.3	78.0
KOG0328	99.2	71.7	71.1
KOG0331	100.0	4.2	4.2
KOG0342	100.0	18.0	18.0
KOG0351	99.8	9.0	9.0
KOG0355	99.2	44.8	44.4
KOG0356	99.4	61.6	61.2
KOG0357	99.4	74.7	74.2
KOG0358	99.4	86.9	86.4
KOG0359	99.2	72.7	72.1
KOG0360	99.6	65.1	64.8
KOG0362	99.6	73.9	73.6
KOG0363	99.4	84.2	83.6
KOG0364	99.6	81.3	80.9
KOG0371	99.6	23.2	23.1
KOG0374	100.0	1.7	1.7
KOG0378	99.6	64.8	64.6
KOG0379	99.2	3.4	3.4
KOG0381	99.2	5.3	5.2
KOG0407	99.2	69.1	68.6
KOG0417	100.0	0.8	0.8
KOG0424	99.2	74.2	73.6
KOG0432	99.6	34.9	34.8
KOG0434	99.4	81.9	81.3
KOG0437	99.2	82.9	82.2
KOG0446	100.0	1.9	1.9
KOG0467	99.4	86.7	86.2
KOG0468	99.2	89.9	89.1
KOG0469	99.4	66.7	66.2
KOG0477	99.8	44.7	44.7
KOG0479	99.2	89.2	88.5
KOG0480	100.0	41.7	41.7
KOG0504	100.0	0.0	0.0
KOG0523	99.4	30.2	30.0
KOG0526	99.2	81.8	81.1
KOG0531	99.4	2.3	2.3
KOG0556	99.6	57.9	57.7
KOG0580	99.4	32.7	32.5
KOG0583	100.0	0.2	0.2
KOG0594	100.0	0.4	0.4
KOG0600	99.2	15.2	15.1
KOG0651	99.6	75.4	75.1
KOG0652	99.8	83.2	83.0
KOG0658	99.2	40.8	40.5
KOG0659	99.2	50.5	50.1
KOG0660	100.0	0.2	0.2
KOG0667	99.6	6.1	6.1
KOG0668	99.4	43.5	43.2
KOG0676	100.0	0.0	0.0
KOG0687	99.4	88.0	87.4
KOG0698	100.0	0.4	0.4
KOG0712	100.0	5.7	5.7
KOG0714	100.0	0.2	0.2
KOG0715	99.4	10.1	10.1
KOG0724	99.6	7.6	7.5
KOG0726	99.2	76.7	76.1
KOG0730	99.8	1.5	1.5
KOG0731	99.4	30.2	30.0
KOG0733	99.2	70.4	69.8
KOG0739	99.2	56.0	55.6
KOG0741	99.2	75.5	74.8
KOG0746	99.4	60.1	59.7
KOG0780	99.6	74.9	74.6
KOG0781	99.4	89.9	89.3
KOG0800	99.8	2.3	2.3
KOG0802	99.4	12.4	12.4
KOG0810	99.2	30.4	30.2
KOG0813	99.4	12.9	12.8
KOG0815	99.2	73.4	72.7
KOG0820	99.6	51.2	50.9
KOG0841	99.4	15.0	14.9
KOG0845	99.8	5.0	5.0
KOG0851	99.4	43.9	43.6
KOG0858	99.6	6.5	6.5
KOG0863	99.4	81.9	81.3
KOG0864	99.8	21.0	21.0
KOG0876	99.2	32.1	31.9
KOG0888	99.6	32.6	32.5
KOG0898	99.4	73.8	73.4
KOG0901	99.8	34.0	34.0
KOG0911	99.2	2.5	2.5
KOG0922	99.8	1.3	1.3
KOG0925	99.2	58.1	57.7
KOG0937	100.0	37.9	37.9
KOG0948	99.6	74.3	74.0
KOG0951	99.4	68.1	67.7
KOG0952	100.0	17.6	17.6
KOG0985	99.2	56.9	56.4
KOG0989	99.6	81.3	80.9
KOG1018	99.2	35.7	35.4
KOG1046	99.6	10.5	10.5
KOG1058	99.6	84.0	83.6
KOG1061	100.0	10.1	10.1
KOG1062	99.6	39.4	39.2
KOG1078	99.4	63.9	63.5
KOG1098	99.6	77.9	77.6
KOG1107	99.4	81.4	80.9
KOG1111	99.4	60.8	60.4
KOG1122	99.8	42.4	42.3
KOG1137	99.2	74.8	74.2
KOG1156	99.8	66.0	65.8
KOG1158	99.4	1.1	1.0
KOG1164	100.0	25.4	25.4
KOG1208	99.6	2.5	2.5
KOG1235	99.4	15.6	15.5
KOG1253	99.4	58.4	58.1
KOG1268	99.6	23.4	23.3
KOG1290	99.6	25.5	25.4
KOG1301	99.2	86.5	85.7
KOG1342	100.0	3.4	3.4
KOG1343	99.4	4.0	4.0
KOG1351	99.8	62.2	62.1
KOG1352	99.2	74.6	74.0
KOG1370	99.4	54.9	54.5
KOG1373	99.8	52.1	52.0
KOG1374	99.2	53.9	53.5
KOG1375	99.8	23.7	23.7
KOG1376	100.0	15.7	15.7
KOG1424	99.4	45.1	44.9
KOG1426	99.8	0.2	0.2
KOG1439	99.8	26.3	26.2
KOG1440	99.6	51.2	50.9
KOG1448	99.8	8.4	8.4
KOG1463	99.4	82.1	81.6
KOG1475	99.4	76.8	76.3
KOG1490	99.8	72.5	72.3
KOG1491	99.8	36.8	36.7
KOG1498	99.4	87.6	87.0
KOG1499	99.8	9.0	9.0
KOG1533	99.6	93.3	92.9
KOG1549	99.8	11.6	11.5
KOG1550	99.4	6.5	6.5
KOG1555	99.8	41.2	41.1
KOG1556	99.8	87.0	86.8
KOG1586	99.2	65.3	64.8
KOG1598	99.2	57.9	57.4
KOG1605	99.8	1.7	1.7
KOG1607	99.6	12.4	12.4
KOG1626	99.6	37.7	37.5
KOG1628	100.0	70.6	70.6
KOG1637	100.0	14.5	14.5
KOG1643	99.4	49.2	48.8
KOG1646	99.2	68.1	67.5
KOG1664	99.2	64.7	64.2
KOG1678	99.2	73.6	73.0
KOG1716	99.8	1.1	1.0
KOG1744	99.4	27.4	27.3
KOG1745	99.8	3.4	3.4
KOG1751	99.4	70.0	69.6
KOG1754	100.0	59.7	59.7
KOG1795	99.8	83.0	82.8
KOG1809	99.6	19.8	19.7
KOG1816	99.2	46.5	46.1
KOG1831	99.2	77.0	76.3
KOG1863	99.4	8.6	8.6
KOG1870	99.6	29.3	29.1
KOG1885	99.4	35.9	35.6
KOG1898	99.6	77.1	76.7
KOG1919	99.6	27.6	27.5
KOG1936	99.4	48.3	48.0
KOG1942	99.4	85.9	85.3
KOG1947	99.2	5.1	5.0
KOG1951	99.2	86.7	86.0
KOG1968	99.8	9.7	9.6
KOG1978	99.2	40.8	40.5
KOG1980	99.2	92.4	91.6
KOG1985	99.6	51.2	50.9
KOG1986	99.8	48.9	48.8
KOG1992	99.6	88.8	88.5
KOG2005	99.6	83.8	83.4
KOG2007	99.8	41.6	41.5
KOG2012	99.8	47.3	47.2
KOG2020	99.8	14.1	14.0
KOG2035	99.6	85.3	84.9
KOG2036	99.2	85.8	85.1
KOG2042	99.2	57.5	57.0
KOG2062	99.6	79.2	78.8
KOG2102	100.0	1.3	1.3
KOG2121	99.2	46.1	45.7
KOG2145	99.8	83.4	83.2
KOG2159	99.2	69.6	69.0
KOG2166	99.6	1.3	1.3
KOG2171	99.8	10.1	10.1
KOG2189	99.8	40.5	40.5
KOG2198	99.8	34.5	34.4
KOG2201	99.6	49.9	49.7
KOG2229	99.4	88.2	87.6
KOG2245	99.6	36.6	36.5
KOG2267	99.2	84.8	84.1
KOG2292	99.4	44.9	44.7
KOG2298	99.4	50.6	50.3
KOG2309	99.2	76.5	75.9
KOG2314	99.4	88.0	87.4
KOG2323	100.0	41.3	41.3
KOG2335	100.0	14.0	14.0
KOG2388	99.4	51.5	51.2
KOG2413	99.6	36.8	36.7
KOG2423	99.2	91.1	90.4
KOG2439	99.4	70.5	70.0
KOG2440	99.4	43.2	43.0
KOG2472	99.8	60.9	60.8
KOG2509	100.0	4.6	4.6
KOG2519	99.8	26.1	26.0
KOG2572	99.4	83.8	83.2
KOG2573	99.4	83.1	82.6
KOG2581	99.2	85.8	85.1
KOG2648	99.6	4.6	4.6
KOG2670	99.6	42.5	42.3
KOG2747	99.6	14.3	14.3
KOG2757	99.4	64.6	64.2
KOG2759	99.2	87.7	87.0
KOG2767	99.4	82.7	82.2
KOG2775	99.8	67.2	67.1
KOG2867	99.2	54.1	53.7
KOG2874	99.4	87.8	87.2
KOG2908	99.4	85.7	85.1
KOG2909	99.6	69.1	68.8
KOG2952	99.2	39.7	39.4
KOG2971	99.6	87.4	87.0
KOG3020	99.8	8.4	8.4
KOG3022	100.0	1.5	1.5
KOG3078	99.6	3.6	3.6
KOG3079	99.4	33.1	32.9
KOG3106	99.2	28.8	28.5
KOG3181	99.8	75.6	75.5
KOG3184	99.8	43.5	43.4
KOG3255	99.6	69.3	69.0
KOG3283	99.2	72.3	71.7
KOG3291	100.0	13.0	13.0
KOG3330	99.2	72.1	71.5
KOG4177	99.8	7.8	7.8
